472	1
1055	2
407	3
821	4
1136	5
2228	6
1604	7
1716	8
1034	9
1873	10
1628	11
291	12
561	13
1127	14
71	15
1522	16
208	17
404	18
1022	19
1441	20
2041	21
1335	22
2199	23
160	24
1706	25
1219	26
1135	27
84	28
482	29
2260	30
513	31
1403	32
1481	33
584	34
78	35
1229	36
44	37
1975	38
2064	39
567	40
1030	41
551	42
796	43
304	44
2028	45
221	46
1379	47
740	48
2008	49
938	50
985	51
853	52
2258	53
1265	54
1341	55
266	56
411	57
2248	58
535	59
582	60
1768	61
29	62
1596	63
1342	64
602	65
88	66
628	67
1302	68
223	69
1855	70
947	71
1866	72
2282	73
2092	74
1507	75
534	76
1019	77
1518	78
326	79
548	80
1348	81
1927	82
1842	83
1533	84
1718	85
1260	86
1538	87
1014	88
1479	89
886	90
1720	91
1053	92
2024	93
732	94
2324	95
1196	96
1320	97
1554	98
1631	99
1837	100
19	101
1349	102
0	103
1405	104
331	105
1223	106
1665	107
519	108
960	109
727	110
1156	111
1782	112
570	113
1701	114
2067	115
347	116
1680	117
146	118
982	119
1568	120
1864	121
786	122
997	123
2065	124
1129	125
203	126
2402	127
1534	128
1397	129
2316	130
2185	131
100	132
1590	133
351	134
503	135
887	136
1559	137
1213	138
2286	139
640	140
1344	141
972	142
2039	143
1243	144
668	145
1625	146
1477	147
880	148
436	149
1420	150
2276	151
2273	152
660	153
164	154
2319	155
2011	156
614	157
1301	158
724	159
140	160
2189	161
716	162
1663	163
1550	164
451	165
829	166
1930	167
1201	168
858	169
530	170
409	171
2131	172
934	173
957	174
1	175
1412	176
1436	177
225	178
558	179
2070	180
318	181
1018	182
2269	183
1270	184
195	185
778	186
1792	187
2245	188
1703	189
325	190
1011	191
1020	192
2221	193
664	194
173	195
34	196
2416	197
1472	198
963	199
1669	200
488	201
2259	202
159	203
1465	204
875	205
2388	206
611	207
1996	208
1488	209
3	210
818	211
866	212
2383	213
1147	214
2075	215
388	216
1282	217
443	218
883	219
1691	220
747	221
1803	222
1134	223
973	224
297	225
869	226
1204	227
1276	228
1432	229
1973	230
890	231
2083	232
61	233
788	234
2148	235
909	236
607	237
976	238
1057	239
700	240
2061	241
1372	242
1061	243
657	244
2042	245
1610	246
597	247
608	248
175	249
914	250
671	251
1954	252
476	253
1756	254
2251	255
268	256
52	257
723	258
349	259
1176	260
1684	261
2099	262
1721	263
2114	264
415	265
1722	266
1876	267
177	268
155	269
1411	270
1812	271
1609	272
1690	273
473	274
90	275
591	276
109	277
2009	278
935	279
1351	280
2352	281
1017	282
1544	283
1682	284
767	285
771	286
395	287
189	288
797	289
332	290
1294	291
1189	292
1529	293
2372	294
689	295
1253	296
1401	297
2225	298
363	299
1995	300
1084	301
1449	302
1685	303
2369	304
2034	305
1584	306
93	307
2048	308
978	309
1398	310
1187	311
637	312
1240	313
1433	314
1326	315
1513	316
2149	317
773	318
1994	319
674	320
86	321
197	322
320	323
537	324
2339	325
327	326
508	327
380	328
1564	329
464	330
930	331
1450	332
1696	333
808	334
1890	335
263	336
1588	337
888	338
2068	339
645	340
2179	341
1168	342
2017	343
143	344
80	345
1512	346
1124	347
2254	348
2096	349
370	350
917	351
2000	352
1286	353
2394	354
1350	355
493	356
1181	357
648	358
497	359
238	360
1225	361
2006	362
97	363
837	364
861	365
265	366
1356	367
25	368
1998	369
1750	370
1997	371
2291	372
138	373
20	374
509	375
425	376
1224	377
1724	378
1485	379
2396	380
2051	381
1675	382
53	383
200	384
330	385
1463	386
2338	387
1410	388
815	389
576	390
1970	391
1602	392
1653	393
2153	394
1069	395
1779	396
1306	397
179	398
1042	399
971	400
932	401
2026	402
145	403
1215	404
518	405
1743	406
426	407
1004	408
392	409
1949	410
912	411
2036	412
1947	413
2137	414
1754	415
2307	416
1658	417
619	418
2274	419
1948	420
74	421
1060	422
2117	423
701	424
152	425
1878	426
1599	427
958	428
1339	429
1169	430
1001	431
2056	432
816	433
1921	434
1108	435
99	436
1143	437
420	438
575	439
749	440
1771	441
1285	442
855	443
1887	444
501	445
2170	446
1640	447
1523	448
742	449
1748	450
248	451
2375	452
1470	453
120	454
1959	455
2116	456
211	457
1749	458
151	459
1233	460
1172	461
2354	462
2234	463
817	464
1593	465
470	466
209	467
2360	468
760	469
1939	470
24	471
1805	472
186	473
2112	474
246	475
626	476
1515	477
296	478
198	479
460	480
289	481
68	482
285	483
962	484
56	485
2208	486
1539	487
1089	488
2389	489
1043	490
313	491
272	492
2345	493
698	494
2156	495
2215	496
2120	497
101	498
552	499
542	500
2361	501
1081	502
1333	503
1980	504
898	505
1334	506
277	507
1558	508
989	509
2253	510
328	511
12	512
1369	513
1501	514
1284	515
1508	516
2237	517
359	518
1054	519
2242	520
1945	521
1232	522
1851	523
367	524
162	525
850	526
236	527
2111	528
499	529
187	530
166	531
1629	532
1728	533
1951	534
1772	535
1162	536
335	537
2194	538
64	539
1935	540
483	541
639	542
684	543
2090	544
334	545
1227	546
2211	547
1206	548
1346	549
766	550
1670	551
258	552
2410	553
385	554
1826	555
1267	556
2192	557
2414	558
2188	559
1594	560
2283	561
311	562
1712	563
58	564
1417	565
31	566
1549	567
1660	568
316	569
1427	570
2005	571
2391	572
1870	573
871	574
390	575
2038	576
89	577
273	578
2155	579
1385	580
2140	581
2203	582
91	583
1404	584
2145	585
1643	586
108	587
763	588
1635	589
2103	590
632	591
2094	592
1899	593
2196	594
892	595
852	596
1928	597
1063	598
1543	599
2152	600
1364	601
833	602
87	603
1484	604
481	605
383	606
554	607
2406	608
1048	609
105	610
307	611
1113	612
929	613
1603	614
427	615
703	616
1956	617
2407	618
2340	619
752	620
666	621
708	622
485	623
1528	624
923	625
772	626
677	627
1190	628
1149	629
1879	630
730	631
1104	632
128	633
1245	634
1291	635
153	636
1991	637
298	638
2175	639
1702	640
382	641
1548	642
1275	643
993	644
578	645
1375	646
572	647
2281	648
1697	649
2134	650
419	651
276	652
1370	653
1642	654
57	655
1473	656
2337	657
418	658
1891	659
1881	660
1393	661
1846	662
1659	663
495	664
2318	665
1023	666
1259	667
281	668
814	669
2304	670
1699	671
1105	672
1416	673
1692	674
403	675
650	676
303	677
651	678
2301	679
1869	680
1773	681
1414	682
490	683
8	684
1209	685
954	686
252	687
549	688
1953	689
1486	690
2229	691
1395	692
1378	693
1321	694
824	695
1632	696
636	697
1793	698
695	699
2014	700
758	701
2085	702
183	703
314	704
1068	705
1852	706
1453	707
1451	708
1598	709
323	710
798	711
907	712
2190	713
59	714
1252	715
712	716
2150	717
457	718
446	719
1316	720
1681	721
1806	722
836	723
937	724
1574	725
613	726
564	727
2018	728
125	729
178	730
2405	731
489	732
2074	733
859	734
1238	735
1566	736
2328	737
1937	738
2	739
590	740
2174	741
2182	742
2275	743
1313	744
803	745
1367	746
85	747
1957	748
1740	749
1705	750
286	751
510	752
902	753
638	754
715	755
2317	756
1174	757
1783	758
2212	759
1617	760
1843	761
171	762
879	763
1123	764
36	765
673	766
1648	767
154	768
1256	769
1493	770
1555	771
693	772
2239	773
2309	774
557	775
1585	776
926	777
505	778
1461	779
681	780
1800	781
1005	782
1971	783
1737	784
893	785
1882	786
1546	787
1983	788
1045	789
1745	790
2222	791
623	792
675	793
2284	794
2021	795
230	796
188	797
1191	798
448	799
1883	800
356	801
953	802
1492	803
1797	804
1557	805
1810	806
1121	807
194	808
2126	809
329	810
2353	811
755	812
1552	813
1106	814
1829	815
287	816
456	817
1442	818
931	819
70	820
18	821
1033	822
1499	823
2385	824
224	825
1171	826
979	827
1328	828
1908	829
800	830
1067	831
998	832
965	833
2386	834
1715	835
768	836
353	837
604	838
1922	839
23	840
1299	841
1226	842
1166	843
1292	844
396	845
592	846
2055	847
192	848
1325	849
355	850
655	851
1683	852
1906	853
1399	854
381	855
2165	856
1425	857
984	858
2277	859
1987	860
1913	861
2106	862
69	863
764	864
1152	865
1924	866
141	867
1386	868
1363	869
757	870
1368	871
1396	872
228	873
1471	874
1932	875
1668	876
738	877
1083	878
1562	879
1361	880
1586	881
299	882
1264	883
76	884
661	885
774	886
692	887
2123	888
1474	889
2384	890
343	891
1358	892
62	893
1230	894
1317	895
662	896
1323	897
2010	898
2082	899
1242	900
1122	901
1118	902
1999	903
1526	904
2390	905
199	906
1709	907
184	908
546	909
2129	910
2138	911
1952	912
1251	913
1013	914
1613	915
1825	916
828	917
432	918
533	919
1639	920
1006	921
421	922
431	923
1170	924
1032	925
2053	926
2128	927
169	928
315	929
73	930
1833	931
849	932
743	933
132	934
440	935
1274	936
269	937
2157	938
1821	939
872	940
119	941
241	942
1582	943
212	944
1931	945
2007	946
1261	947
1480	948
250	949
1958	950
486	951
1979	952
2030	953
2058	954
1116	955
969	956
51	957
1714	958
1466	959
1592	960
393	961
741	962
213	963
1867	964
1207	965
1040	966
1142	967
1942	968
1329	969
1051	970
682	971
2012	972
156	973
1343	974
9	975
15	976
1542	977
901	978
16	979
430	980
899	981
1012	982
1838	983
126	984
1619	985
911	986
484	987
745	988
1445	989
759	990
1753	991
342	992
1561	993
913	994
1192	995
1366	996
122	997
1355	998
1365	999
1263	1000
1164	1001
1421	1002
610	1003
1281	1004
1662	1005
2037	1006
2104	1007
494	1008
2207	1009
751	1010
1578	1011
399	1012
1268	1013
118	1014
936	1015
1770	1016
2173	1017
254	1018
606	1019
1231	1020
697	1021
1200	1022
1804	1023
896	1024
1194	1025
843	1026
1429	1027
841	1028
1435	1029
2098	1030
1877	1031
2382	1032
1902	1033
1064	1034
1111	1035
1757	1036
2411	1037
127	1038
1214	1039
543	1040
1777	1041
1900	1042
718	1043
1249	1044
306	1045
1002	1046
1387	1047
1447	1048
2400	1049
725	1050
563	1051
1066	1052
2144	1053
1763	1054
1915	1055
300	1056
885	1057
1217	1058
516	1059
1618	1060
1498	1061
310	1062
1651	1063
414	1064
168	1065
202	1066
1000	1067
1985	1068
916	1069
659	1070
734	1071
1766	1072
1505	1073
780	1074
231	1075
1424	1076
2300	1077
599	1078
261	1079
1614	1080
2295	1081
1091	1082
2054	1083
2262	1084
1944	1085
35	1086
569	1087
1853	1088
801	1089
1620	1090
341	1091
2261	1092
1178	1093
391	1094
1072	1095
521	1096
529	1097
48	1098
555	1099
654	1100
191	1101
744	1102
1186	1103
110	1104
1452	1105
802	1106
1180	1107
974	1108
1652	1109
1824	1110
827	1111
1183	1112
1255	1113
2243	1114
1496	1115
811	1116
2365	1117
1988	1118
1331	1119
577	1120
587	1121
1525	1122
2169	1123
1834	1124
2195	1125
243	1126
1872	1127
547	1128
711	1129
1981	1130
397	1131
1865	1132
2202	1133
1167	1134
1920	1135
130	1136
279	1137
1520	1138
2108	1139
1607	1140
793	1141
1377	1142
2412	1143
1857	1144
1818	1145
344	1146
882	1147
1160	1148
646	1149
1376	1150
1400	1151
116	1152
1527	1153
2180	1154
1038	1155
2241	1156
1052	1157
322	1158
714	1159
63	1160
889	1161
2415	1162
2027	1163
995	1164
709	1165
2002	1166
2329	1167
2147	1168
1218	1169
1211	1170
1065	1171
264	1172
1391	1173
770	1174
469	1175
1146	1176
477	1177
1530	1178
1759	1179
111	1180
895	1181
428	1182
822	1183
1650	1184
1775	1185
910	1186
2247	1187
79	1188
2235	1189
2413	1190
1794	1191
157	1192
435	1193
870	1194
2373	1195
733	1196
1657	1197
1752	1198
2359	1199
1764	1200
1808	1201
2306	1202
2166	1203
468	1204
182	1205
2302	1206
2322	1207
474	1208
374	1209
1636	1210
32	1211
1965	1212
1638	1213
812	1214
955	1215
333	1216
1092	1217
2184	1218
1622	1219
927	1220
705	1221
1128	1222
1381	1223
95	1224
1736	1225
1725	1226
1744	1227
2022	1228
2331	1229
594	1230
40	1231
942	1232
2001	1233
1717	1234
906	1235
1521	1236
1917	1237
104	1238
1540	1239
831	1240
1923	1241
205	1242
1993	1243
1010	1244
54	1245
458	1246
1589	1247
439	1248
2335	1249
603	1250
945	1251
1073	1252
598	1253
2380	1254
1086	1255
2240	1256
452	1257
1723	1258
2032	1259
1811	1260
1964	1261
2097	1262
2321	1263
1974	1264
37	1265
2171	1266
1569	1267
2333	1268
706	1269
1861	1270
167	1271
379	1272
600	1273
1310	1274
2045	1275
737	1276
1729	1277
1419	1278
2404	1279
206	1280
66	1281
2029	1282
1426	1283
102	1284
644	1285
453	1286
1984	1287
1735	1288
851	1289
1894	1290
2351	1291
463	1292
975	1293
77	1294
1553	1295
1440	1296
897	1297
980	1298
981	1299
2332	1300
498	1301
387	1302
1807	1303
1830	1304
900	1305
2374	1306
317	1307
38	1308
1173	1309
1545	1310
1359	1311
1046	1312
527	1313
1324	1314
13	1315
507	1316
642	1317
1661	1318
1845	1319
908	1320
848	1321
2296	1322
667	1323
736	1324
1330	1325
2124	1326
779	1327
688	1328
840	1329
423	1330
1444	1331
1266	1332
384	1333
161	1334
1822	1335
2401	1336
500	1337
378	1338
531	1339
653	1340
1464	1341
1345	1342
1085	1343
1309	1344
1626	1345
1340	1346
2398	1347
514	1348
950	1349
4	1350
2217	1351
813	1352
994	1353
620	1354
832	1355
2257	1356
373	1357
1103	1358
647	1359
1016	1360
282	1361
804	1362
729	1363
1992	1364
2305	1365
2341	1366
2289	1367
1832	1368
940	1369
541	1370
992	1371
1184	1372
2378	1373
1290	1374
504	1375
1382	1376
894	1377
1454	1378
83	1379
2205	1380
1676	1381
1579	1382
506	1383
847	1384
2071	1385
1510	1386
196	1387
1840	1388
185	1389
81	1390
753	1391
2073	1392
1955	1393
1950	1394
1094	1395
2046	1396
1100	1397
2015	1398
1139	1399
939	1400
1904	1401
819	1402
2191	1403
1497	1404
1895	1405
1125	1406
1456	1407
1307	1408
874	1409
2025	1410
1765	1411
400	1412
532	1413
1790	1414
2358	1415
1446	1416
2280	1417
2303	1418
1258	1419
565	1420
1371	1421
433	1422
1649	1423
465	1424
1600	1425
943	1426
1967	1427
366	1428
1235	1429
1423	1430
2023	1431
181	1432
1077	1433
2294	1434
2230	1435
292	1436
617	1437
834	1438
2040	1439
2293	1440
683	1441
2197	1442
1708	1443
867	1444
1314	1445
1781	1446
2146	1447
1202	1448
454	1449
280	1450
1071	1451
1120	1452
615	1453
1986	1454
1431	1455
2066	1456
2050	1457
1026	1458
1132	1459
2265	1460
92	1461
2160	1462
2344	1463
678	1464
1031	1465
1504	1466
2043	1467
1664	1468
2285	1469
82	1470
1407	1471
1711	1472
389	1473
2399	1474
1489	1475
232	1476
65	1477
21	1478
2290	1479
1457	1480
1389	1481
60	1482
1337	1483
348	1484
1491	1485
1926	1486
1514	1487
135	1488
1914	1489
805	1490
1338	1491
2327	1492
720	1493
616	1494
1353	1495
842	1496
1188	1497
1751	1498
2308	1499
643	1500
1742	1501
1767	1502
2220	1503
233	1504
1153	1505
1500	1506
479	1507
719	1508
1903	1509
649	1510
2013	1511
350	1512
1145	1513
449	1514
1831	1515
1575	1516
2312	1517
717	1518
2376	1519
28	1520
1919	1521
1799	1522
2364	1523
1591	1524
790	1525
2343	1526
1383	1527
2062	1528
2350	1529
921	1530
854	1531
1155	1532
467	1533
219	1534
1911	1535
251	1536
1761	1537
402	1538
2223	1539
1409	1540
2299	1541
988	1542
136	1543
1976	1544
14	1545
1862	1546
1003	1547
1277	1548
275	1549
294	1550
2342	1551
964	1552
2271	1553
559	1554
823	1555
1912	1556
2278	1557
214	1558
526	1559
1280	1560
475	1561
781	1562
625	1563
1047	1564
1814	1565
1278	1566
1088	1567
776	1568
1630	1569
983	1570
574	1571
1271	1572
215	1573
589	1574
1762	1575
1443	1576
172	1577
1747	1578
523	1579
1494	1580
679	1581
1459	1582
2172	1583
207	1584
1880	1585
288	1586
739	1587
2121	1588
245	1589
2330	1590
791	1591
1666	1592
1076	1593
1608	1594
1237	1595
1517	1596
2142	1597
354	1598
106	1599
2320	1600
462	1601
217	1602
372	1603
1015	1604
2379	1605
2336	1606
1300	1607
1175	1608
1287	1609
830	1610
794	1611
1126	1612
2356	1613
1624	1614
1158	1615
807	1616
123	1617
492	1618
2357	1619
1099	1620
2323	1621
2266	1622
2272	1623
1587	1624
1165	1625
609	1626
1509	1627
30	1628
1468	1629
365	1630
1776	1631
1551	1632
1332	1633
1760	1634
148	1635
696	1636
340	1637
301	1638
784	1639
1961	1640
1483	1641
922	1642
1109	1643
809	1644
2105	1645
1205	1646
2292	1647
445	1648
1151	1649
663	1650
358	1651
1707	1652
201	1653
1563	1654
1679	1655
2209	1656
970	1657
176	1658
1221	1659
540	1660
447	1661
556	1662
1097	1663
1547	1664
515	1665
1437	1666
237	1667
487	1668
2100	1669
748	1670
1934	1671
218	1672
1506	1673
838	1674
290	1675
787	1676
1327	1677
1672	1678
2164	1679
1467	1680
1354	1681
2200	1682
1788	1683
986	1684
364	1685
1933	1686
1390	1687
1050	1688
520	1689
142	1690
977	1691
405	1692
1182	1693
1222	1694
1460	1695
1695	1696
2113	1697
633	1698
170	1699
999	1700
412	1701
1298	1702
1193	1703
1688	1704
1990	1705
2214	1706
1095	1707
1102	1708
1739	1709
581	1710
933	1711
670	1712
345	1713
1719	1714
1279	1715
775	1716
517	1717
731	1718
631	1719
249	1720
174	1721
1667	1722
1929	1723
115	1724
1795	1725
1511	1726
785	1727
2244	1728
1150	1729
1813	1730
386	1731
2255	1732
1075	1733
699	1734
846	1735
1241	1736
1774	1737
1819	1738
1319	1739
1049	1740
863	1741
539	1742
1177	1743
641	1744
944	1745
635	1746
368	1747
478	1748
1478	1749
754	1750
1835	1751
601	1752
1161	1753
2298	1754
1117	1755
2081	1756
1655	1757
2109	1758
72	1759
1058	1760
1836	1761
271	1762
2141	1763
1318	1764
585	1765
1098	1766
2186	1767
1989	1768
1101	1769
1082	1770
1305	1771
525	1772
1234	1773
2125	1774
2370	1775
1154	1776
586	1777
352	1778
1476	1779
401	1780
2052	1781
375	1782
1901	1783
502	1784
2233	1785
1007	1786
1972	1787
862	1788
1035	1789
1185	1790
652	1791
1978	1792
1216	1793
1078	1794
2080	1795
1503	1796
756	1797
1755	1798
1041	1799
121	1800
1315	1801
2310	1802
2020	1803
42	1804
1009	1805
2381	1806
1373	1807
2216	1808
1362	1809
1713	1810
26	1811
239	1812
1087	1813
39	1814
2047	1815
1250	1816
1455	1817
1858	1818
2366	1819
845	1820
820	1821
234	1822
707	1823
1769	1824
144	1825
2077	1826
308	1827
229	1828
593	1829
2143	1830
967	1831
257	1832
1633	1833
1823	1834
2393	1835
524	1836
873	1837
259	1838
1462	1839
1422	1840
1093	1841
1487	1842
571	1843
2232	1844
2355	1845
2347	1846
1758	1847
210	1848
2362	1849
2044	1850
1886	1851
480	1852
2238	1853
1036	1854
1839	1855
1577	1856
1197	1857
1888	1858
1502	1859
2267	1860
1070	1861
466	1862
1943	1863
267	1864
1037	1865
47	1866
1654	1867
1694	1868
1885	1869
1641	1870
2167	1871
129	1872
777	1873
1428	1874
461	1875
553	1876
2367	1877
2315	1878
1131	1879
278	1880
11	1881
2408	1882
1698	1883
676	1884
1283	1885
7	1886
782	1887
324	1888
1969	1889
1693	1890
687	1891
991	1892
2236	1893
98	1894
2287	1895
1595	1896
568	1897
1820	1898
1606	1899
2348	1900
1946	1901
1673	1902
746	1903
1541	1904
1605	1905
2035	1906
1144	1907
491	1908
545	1909
665	1910
2079	1911
1140	1912
2270	1913
1096	1914
1516	1915
22	1916
2409	1917
1039	1918
165	1919
1254	1920
1347	1921
5	1922
2314	1923
1535	1924
1257	1925
1311	1926
1322	1927
704	1928
2115	1929
1008	1930
2102	1931
2246	1932
672	1933
1288	1934
2213	1935
1940	1936
49	1937
1439	1938
444	1939
1293	1940
1228	1941
844	1942
124	1943
338	1944
337	1945
2168	1946
1296	1947
2107	1948
1892	1949
2204	1950
2127	1951
1573	1952
579	1953
826	1954
1406	1955
1601	1956
2089	1957
1910	1958
149	1959
1645	1960
1028	1961
1634	1962
690	1963
371	1964
1738	1965
1495	1966
612	1967
1689	1968
1938	1969
1556	1970
295	1971
1637	1972
2227	1973
163	1974
2363	1975
762	1976
1871	1977
1850	1978
924	1979
94	1980
244	1981
1704	1982
544	1983
2031	1984
1336	1985
1029	1986
222	1987
2326	1988
227	1989
1236	1990
2417	1991
946	1992
1644	1993
968	1994
240	1995
2118	1996
2135	1997
583	1998
1027	1999
941	2000
1786	2001
496	2002
1269	2003
67	2004
438	2005
1107	2006
1199	2007
180	2008
2311	2009
398	2010
1889	2011
1059	2012
112	2013
361	2014
260	2015
1415	2016
865	2017
856	2018
1374	2019
987	2020
434	2021
810	2022
293	2023
357	2024
806	2025
1802	2026
283	2027
1730	2028
1746	2029
2183	2030
1646	2031
1148	2032
769	2033
702	2034
1726	2035
1056	2036
2226	2037
511	2038
1875	2039
1475	2040
2193	2041
750	2042
1130	2043
948	2044
1025	2045
256	2046
2016	2047
1727	2048
1968	2049
1841	2050
1710	2051
2060	2052
2078	2053
2003	2054
1112	2055
1936	2056
868	2057
860	2058
377	2059
242	2060
302	2061
406	2062
1801	2063
147	2064
321	2065
1733	2066
193	2067
560	2068
50	2069
312	2070
2057	2071
2130	2072
41	2073
634	2074
2313	2075
339	2076
1352	2077
904	2078
2397	2079
1244	2080
1438	2081
226	2082
1860	2083
2154	2084
1357	2085
2084	2086
1962	2087
27	2088
1671	2089
1074	2090
1246	2091
1044	2092
1897	2093
2288	2094
1220	2095
1572	2096
795	2097
1898	2098
220	2099
694	2100
783	2101
877	2102
424	2103
360	2104
1115	2105
1925	2106
891	2107
1731	2108
455	2109
1789	2110
394	2111
1567	2112
255	2113
618	2114
1741	2115
538	2116
1581	2117
2086	2118
680	2119
46	2120
629	2121
2176	2122
2087	2123
305	2124
1141	2125
1615	2126
595	2127
2268	2128
1570	2129
103	2130
2133	2131
1785	2132
959	2133
512	2134
1859	2135
1062	2136
408	2137
624	2138
2072	2139
1941	2140
630	2141
918	2142
1982	2143
2122	2144
1448	2145
2250	2146
2158	2147
2151	2148
2076	2149
2252	2150
839	2151
1787	2152
1583	2153
1827	2154
1816	2155
6	2156
2325	2157
262	2158
928	2159
1380	2160
1360	2161
133	2162
621	2163
1576	2164
1854	2165
1817	2166
1137	2167
1874	2168
835	2169
1537	2170
284	2171
951	2172
1430	2173
2249	2174
274	2175
1212	2176
1580	2177
722	2178
881	2179
956	2180
2091	2181
1960	2182
2377	2183
369	2184
1469	2185
2206	2186
137	2187
1114	2188
1312	2189
2264	2190
150	2191
459	2192
410	2193
2069	2194
1780	2195
686	2196
1597	2197
1458	2198
1402	2199
437	2200
627	2201
1565	2202
566	2203
713	2204
10	2205
2177	2206
1848	2207
1532	2208
1524	2209
2059	2210
2181	2211
422	2212
247	2213
728	2214
528	2215
131	2216
1208	2217
580	2218
550	2219
1304	2220
2019	2221
1571	2222
1734	2223
522	2224
1616	2225
1656	2226
952	2227
669	2228
685	2229
925	2230
1560	2231
1490	2232
799	2233
949	2234
1828	2235
919	2236
622	2237
2162	2238
1611	2239
1778	2240
270	2241
1796	2242
17	2243
1159	2244
1119	2245
216	2246
1907	2247
2136	2248
903	2249
346	2250
1079	2251
43	2252
876	2253
1627	2254
536	2255
113	2256
1815	2257
2033	2258
792	2259
2101	2260
905	2261
1847	2262
1893	2263
376	2264
789	2265
573	2266
471	2267
2224	2268
1966	2269
761	2270
2063	2271
336	2272
2387	2273
1674	2274
1394	2275
765	2276
1408	2277
1647	2278
1844	2279
884	2280
605	2281
416	2282
1157	2283
442	2284
2210	2285
139	2286
1179	2287
1413	2288
1163	2289
1621	2290
1272	2291
441	2292
33	2293
658	2294
1295	2295
1849	2296
588	2297
2395	2298
2219	2299
1963	2300
1482	2301
2187	2302
2132	2303
656	2304
204	2305
1784	2306
429	2307
990	2308
190	2309
864	2310
362	2311
2119	2312
721	2313
1905	2314
1239	2315
2263	2316
1392	2317
1896	2318
1434	2319
857	2320
1418	2321
1918	2322
1791	2323
1977	2324
1388	2325
2161	2326
1623	2327
96	2328
1686	2329
1248	2330
1133	2331
1677	2332
2392	2333
2403	2334
1519	2335
2201	2336
2139	2337
691	2338
2088	2339
1110	2340
825	2341
2346	2342
2371	2343
45	2344
253	2345
2163	2346
1090	2347
235	2348
2218	2349
2093	2350
2198	2351
117	2352
114	2353
878	2354
1210	2355
1531	2356
55	2357
1308	2358
107	2359
319	2360
596	2361
726	2362
2256	2363
710	2364
2231	2365
2349	2366
417	2367
134	2368
1916	2369
1863	2370
2110	2371
2049	2372
1884	2373
996	2374
1195	2375
1289	2376
2004	2377
2279	2378
961	2379
1198	2380
1678	2381
309	2382
158	2383
1809	2384
966	2385
1687	2386
1138	2387
1732	2388
1024	2389
1798	2390
1868	2391
2334	2392
1536	2393
2095	2394
75	2395
735	2396
1909	2397
1080	2398
1273	2399
1384	2400
2159	2401
1203	2402
1856	2403
1297	2404
2368	2405
2297	2406
562	2407
1700	2408
915	2409
1247	2410
1612	2411
1303	2412
2178	2413
920	2414
413	2415
1021	2416
1262	2417
450	2418
