PAD	0
UNK	1
23	2
22	3
8	4
2	5
19	6
4	7
47	8
138	9
322	10
9	11
42	12
58	13
450	14
92	15
249	16
248	17
14	18
11	19
90	20
725	21
24	22
326	23
395	24
143	25
144	26
110	27
111	28
264	29
265	30
756	31
180	32
340	33
339	34
468	35
181	36
123	37
43	38
44	39
26	40
1233	41
531	42
1232	43
859	44
575	45
1288	46
98	47
1247	48
337	49
234	50
88	51
35	52
969	53
187	54
74	55
34	56
477	57
866	58
239	59
119	60
329	61
186	62
851	63
50	64
10	65
886	66
436	67
435	68
356	69
760	70
294	71
67	72
287	73
286	74
364	75
246	76
6	77
7	78
46	79
45	80
36	81
37	82
438	83
297	84
405	85
454	86
87	87
60	88
85	89
86	90
644	91
56	92
247	93
245	94
227	95
235	96
1129	97
362	98
21	99
124	100
546	101
115	102
1026	103
20	104
678	105
100	106
141	107
89	108
256	109
479	110
93	111
221	112
120	113
81	114
515	115
274	116
810	117
482	118
300	119
298	120
198	121
1480	122
519	123
190	124
242	125
244	126
665	127
702	128
310	129
77	130
76	131
57	132
528	133
396	134
314	135
355	136
512	137
539	138
343	139
82	140
538	141
148	142
207	143
0	144
1	145
73	146
467	147
806	148
243	149
309	150
1338	151
672	152
673	153
874	154
873	155
80	156
740	157
157	158
75	159
324	160
350	161
1208	162
1158	163
509	164
155	165
481	166
16	167
763	168
1086	169
1410	170
505	171
225	172
353	173
1677	174
232	175
1304	176
548	177
151	178
128	179
302	180
1082	181
1083	182
317	183
219	184
452	185
921	186
549	187
920	188
130	189
1134	190
109	191
789	192
504	193
1263	194
282	195
1377	196
114	197
1003	198
228	199
872	200
142	201
727	202
573	203
1332	204
497	205
496	206
112	207
393	208
1478	209
492	210
558	211
83	212
592	213
136	214
411	215
641	216
284	217
536	218
1372	219
129	220
279	221
498	222
712	223
713	224
125	225
113	226
117	227
1047	228
39	229
40	230
667	231
328	232
358	233
91	234
94	235
975	236
791	237
229	238
193	239
160	240
162	241
12	242
963	243
211	244
250	245
927	246
670	247
474	248
797	249
13	250
269	251
260	252
547	253
64	254
816	255
65	256
135	257
170	258
837	259
84	260
342	261
252	262
868	263
194	264
449	265
748	266
158	267
224	268
1653	269
304	270
1108	271
1569	272
948	273
236	274
570	275
166	276
165	277
147	278
972	279
385	280
363	281
53	282
280	283
1287	284
318	285
428	286
560	287
590	288
418	289
382	290
412	291
884	292
121	293
833	294
832	295
891	296
522	297
835	298
834	299
495	300
1249	301
1899	302
1517	303
1518	304
1643	305
943	306
226	307
338	308
146	309
899	310
686	311
2310	312
500	313
1495	314
108	315
974	316
602	317
638	318
368	319
371	320
366	321
216	322
1045	323
17	324
176	325
923	326
159	327
262	328
354	329
365	330
276	331
1223	332
977	333
175	334
506	335
278	336
408	337
230	338
777	339
848	340
1282	341
38	342
885	343
102	344
994	345
533	346
3	347
530	348
139	349
199	350
823	351
973	352
150	353
270	354
271	355
27	356
747	357
434	358
32	359
31	360
161	361
5	362
447	363
743	364
721	365
351	366
577	367
1405	368
668	369
101	370
398	371
399	372
291	373
913	374
327	375
596	376
478	377
107	378
61	379
116	380
290	381
188	382
79	383
826	384
1078	385
820	386
1109	387
171	388
735	389
1301	390
1374	391
1228	392
786	393
122	394
444	395
182	396
1773	397
275	398
788	399
307	400
1319	401
1101	402
1014	403
1097	404
1259	405
335	406
54	407
877	408
103	409
1299	410
483	411
779	412
195	413
476	414
475	415
518	416
517	417
502	418
824	419
657	420
295	421
403	422
998	423
1135	424
352	425
757	426
49	427
621	428
381	429
380	430
1246	431
443	432
69	433
70	434
801	435
453	436
940	437
981	438
909	439
261	440
871	441
1012	442
323	443
919	444
892	445
1021	446
1511	447
223	448
202	449
771	450
817	451
719	452
406	453
501	454
203	455
1133	456
1102	457
875	458
153	459
1302	460
766	461
233	462
466	463
954	464
586	465
669	466
163	467
404	468
611	469
1330	470
514	471
184	472
1382	473
831	474
1217	475
1366	476
315	477
316	478
145	479
388	480
647	481
347	482
471	483
345	484
59	485
272	486
346	487
470	488
420	489
386	490
813	491
1206	492
1110	493
416	494
1225	495
671	496
55	497
1532	498
629	499
2140	500
367	501
827	502
1201	503
1104	504
131	505
1543	506
413	507
251	508
858	509
463	510
959	511
1370	512
911	513
209	514
152	515
490	516
489	517
204	518
1307	519
1496	520
1545	521
491	522
792	523
569	524
890	525
1305	526
1306	527
529	528
1200	529
2311	530
480	531
1085	532
1284	533
172	534
1055	535
836	536
29	537
30	538
325	539
1325	540
71	541
283	542
507	543
1493	544
126	545
937	546
878	547
527	548
1348	549
2107	550
995	551
494	552
179	553
907	554
1468	555
394	556
571	557
978	558
700	559
1068	560
1069	561
299	562
1554	563
853	564
105	565
603	566
254	567
928	568
217	569
908	570
66	571
97	572
755	573
296	574
860	575
167	576
68	577
2153	578
532	579
237	580
1632	581
510	582
1149	583
370	584
263	585
189	586
391	587
1809	588
2312	589
1831	590
646	591
341	592
1061	593
925	594
1256	595
933	596
956	597
1189	598
2143	599
556	600
865	601
218	602
776	603
653	604
1974	605
2283	606
268	607
267	608
321	609
1817	610
932	611
594	612
707	613
1202	614
723	615
169	616
613	617
210	618
445	619
1458	620
2309	621
2308	622
604	623
1043	624
1035	625
281	626
951	627
1111	628
769	629
106	630
52	631
650	632
104	633
1029	634
1030	635
708	636
632	637
1364	638
51	639
266	640
257	641
164	642
484	643
410	644
1680	645
277	646
1772	647
2072	648
1908	649
722	650
231	651
947	652
637	653
902	654
1906	655
15	656
1013	657
357	658
775	659
1170	660
259	661
1548	662
566	663
1413	664
156	665
605	666
1815	667
2154	668
844	669
1016	670
581	671
773	672
1125	673
770	674
1868	675
197	676
1100	677
95	678
1175	679
785	680
1408	681
1907	682
1258	683
455	684
1190	685
415	686
645	687
2191	688
808	689
1583	690
2106	691
432	692
2091	693
2090	694
2313	695
661	696
949	697
1863	698
582	699
334	700
741	701
1096	702
1264	703
118	704
737	705
1234	706
1122	707
1024	708
1314	709
1990	710
427	711
2314	712
1621	713
1267	714
683	715
1099	716
1731	717
1523	718
1052	719
240	720
241	721
841	722
906	723
1390	724
1918	725
1889	726
1289	727
513	728
1536	729
402	730
437	731
48	732
1504	733
540	734
720	735
746	736
1436	737
149	738
931	739
986	740
1375	741
1962	742
255	743
433	744
1563	745
728	746
950	747
441	748
1171	749
1811	750
134	751
1044	752
1558	753
372	754
640	755
2108	756
2139	757
1395	758
765	759
465	760
1577	761
99	762
499	763
1460	764
883	765
1722	766
825	767
41	768
1502	769
1421	770
1268	771
864	772
843	773
780	774
2315	775
369	776
585	777
1399	778
1790	779
1015	780
659	781
238	782
273	783
842	784
1644	785
2316	786
1148	787
1808	788
390	789
400	790
905	791
1913	792
593	793
1194	794
1867	795
2110	796
754	797
847	798
732	799
2182	800
1662	801
2318	802
2317	803
1038	804
803	805
1713	806
430	807
1090	808
944	809
525	810
955	811
1352	812
1779	813
552	814
614	815
1467	816
615	817
601	818
987	819
854	820
168	821
648	822
1179	823
1281	824
460	825
375	826
222	827
565	828
1820	829
1075	830
818	831
982	832
401	833
1440	834
726	835
897	836
1270	837
639	838
1712	839
563	840
2319	841
1658	842
2077	843
2031	844
993	845
178	846
537	847
781	848
387	849
1153	850
811	851
830	852
2320	853
191	854
1285	855
1706	856
1579	857
1300	858
140	859
1283	860
493	861
730	862
750	863
1573	864
849	865
751	866
1386	867
1204	868
774	869
1050	870
567	871
916	872
1255	873
1279	874
635	875
1490	876
850	877
591	878
1649	879
1222	880
1031	881
63	882
704	883
472	884
419	885
1534	886
18	887
2321	888
2307	889
1697	890
534	891
676	892
1832	893
2038	894
177	895
414	896
658	897
1512	898
845	899
423	900
485	901
1199	902
819	903
666	904
2322	905
457	906
1813	907
1812	908
698	909
1385	910
348	911
344	912
458	913
253	914
822	915
2323	916
544	917
409	918
724	919
1736	920
2324	921
1349	922
373	923
782	924
1205	925
929	926
922	927
2325	928
839	929
1564	930
1565	931
306	932
572	933
1449	934
1244	935
1953	936
1952	937
701	938
192	939
2326	940
924	941
1941	942
526	943
459	944
758	945
289	946
1407	947
303	948
2120	949
2328	950
1762	951
2327	952
1356	953
1557	954
711	955
25	956
28	957
33	958
62	959
72	960
78	961
96	962
127	963
132	964
133	965
137	966
154	967
173	968
174	969
183	970
185	971
196	972
201	973
200	974
205	975
214	976
208	977
206	978
212	979
213	980
215	981
220	982
258	983
285	984
288	985
292	986
293	987
301	988
305	989
308	990
311	991
312	992
313	993
319	994
320	995
333	996
330	997
331	998
332	999
336	1000
349	1001
359	1002
360	1003
361	1004
374	1005
376	1006
379	1007
377	1008
378	1009
383	1010
384	1011
389	1012
392	1013
397	1014
407	1015
417	1016
421	1017
424	1018
422	1019
426	1020
425	1021
429	1022
431	1023
439	1024
440	1025
442	1026
446	1027
448	1028
451	1029
456	1030
461	1031
462	1032
464	1033
469	1034
473	1035
488	1036
487	1037
486	1038
503	1039
508	1040
511	1041
516	1042
520	1043
521	1044
523	1045
524	1046
535	1047
541	1048
542	1049
545	1050
543	1051
551	1052
550	1053
553	1054
554	1055
555	1056
562	1057
557	1058
559	1059
561	1060
564	1061
568	1062
574	1063
576	1064
578	1065
580	1066
583	1067
579	1068
584	1069
587	1070
588	1071
589	1072
595	1073
599	1074
598	1075
600	1076
597	1077
608	1078
607	1079
606	1080
609	1081
610	1082
612	1083
617	1084
616	1085
618	1086
620	1087
619	1088
622	1089
623	1090
624	1091
626	1092
628	1093
625	1094
627	1095
631	1096
633	1097
630	1098
634	1099
636	1100
642	1101
643	1102
649	1103
651	1104
652	1105
656	1106
654	1107
655	1108
660	1109
662	1110
664	1111
663	1112
674	1113
675	1114
677	1115
679	1116
680	1117
682	1118
684	1119
681	1120
685	1121
687	1122
688	1123
689	1124
691	1125
694	1126
693	1127
692	1128
690	1129
695	1130
696	1131
697	1132
699	1133
705	1134
703	1135
706	1136
710	1137
709	1138
714	1139
716	1140
715	1141
717	1142
718	1143
729	1144
733	1145
734	1146
731	1147
736	1148
738	1149
739	1150
742	1151
744	1152
745	1153
749	1154
752	1155
753	1156
759	1157
762	1158
761	1159
764	1160
768	1161
767	1162
772	1163
778	1164
783	1165
784	1166
787	1167
790	1168
793	1169
794	1170
795	1171
796	1172
799	1173
798	1174
800	1175
802	1176
804	1177
805	1178
809	1179
807	1180
812	1181
814	1182
815	1183
821	1184
828	1185
829	1186
838	1187
840	1188
846	1189
852	1190
857	1191
856	1192
855	1193
861	1194
862	1195
863	1196
867	1197
870	1198
869	1199
876	1200
879	1201
880	1202
881	1203
882	1204
887	1205
888	1206
889	1207
893	1208
894	1209
895	1210
896	1211
898	1212
901	1213
900	1214
903	1215
904	1216
910	1217
912	1218
914	1219
915	1220
918	1221
917	1222
926	1223
930	1224
934	1225
935	1226
936	1227
939	1228
938	1229
942	1230
941	1231
945	1232
946	1233
952	1234
953	1235
957	1236
958	1237
960	1238
961	1239
962	1240
964	1241
965	1242
966	1243
967	1244
968	1245
970	1246
971	1247
976	1248
979	1249
980	1250
984	1251
983	1252
985	1253
988	1254
989	1255
990	1256
991	1257
992	1258
996	1259
997	1260
999	1261
1000	1262
1001	1263
1002	1264
1004	1265
1005	1266
1006	1267
1007	1268
1008	1269
1009	1270
1010	1271
1011	1272
1017	1273
1018	1274
1019	1275
1020	1276
1022	1277
1023	1278
1025	1279
1027	1280
1028	1281
1032	1282
1033	1283
1034	1284
1036	1285
1037	1286
1039	1287
1040	1288
1041	1289
1042	1290
1046	1291
1048	1292
1049	1293
1051	1294
1053	1295
1054	1296
1056	1297
1057	1298
1058	1299
1059	1300
1060	1301
1062	1302
1063	1303
1064	1304
1065	1305
1066	1306
1067	1307
1070	1308
1071	1309
1073	1310
1072	1311
1074	1312
1076	1313
1077	1314
1079	1315
1080	1316
1081	1317
1084	1318
1087	1319
1088	1320
1089	1321
1091	1322
1092	1323
1093	1324
1094	1325
1095	1326
1098	1327
1103	1328
1105	1329
1106	1330
1107	1331
1112	1332
1113	1333
1114	1334
1115	1335
1116	1336
1117	1337
1119	1338
1118	1339
1120	1340
1121	1341
1123	1342
1124	1343
1126	1344
1127	1345
1128	1346
1130	1347
1132	1348
1131	1349
1136	1350
1138	1351
1137	1352
1141	1353
1139	1354
1140	1355
1143	1356
1142	1357
1144	1358
1145	1359
1146	1360
1147	1361
1150	1362
1151	1363
1152	1364
1154	1365
1155	1366
1156	1367
1157	1368
1159	1369
1160	1370
1161	1371
1162	1372
1163	1373
1164	1374
1166	1375
1165	1376
1167	1377
1168	1378
1169	1379
1172	1380
1173	1381
1174	1382
1177	1383
1176	1384
1178	1385
1181	1386
1180	1387
1182	1388
1183	1389
1185	1390
1184	1391
1186	1392
1188	1393
1187	1394
1191	1395
1193	1396
1192	1397
1195	1398
1196	1399
1197	1400
1198	1401
1203	1402
1207	1403
1209	1404
1210	1405
1211	1406
1212	1407
1213	1408
1214	1409
1215	1410
1216	1411
1218	1412
1219	1413
1220	1414
1221	1415
1224	1416
1226	1417
1227	1418
1229	1419
1230	1420
1231	1421
1235	1422
1236	1423
1237	1424
1238	1425
1241	1426
1240	1427
1239	1428
1242	1429
1243	1430
1245	1431
1248	1432
1250	1433
1251	1434
1252	1435
1253	1436
1254	1437
1257	1438
1260	1439
1261	1440
1262	1441
1265	1442
1266	1443
1269	1444
1271	1445
1272	1446
1273	1447
1274	1448
1275	1449
1276	1450
1277	1451
1278	1452
1280	1453
1286	1454
1290	1455
1291	1456
1292	1457
1293	1458
1295	1459
1296	1460
1294	1461
1297	1462
1298	1463
1303	1464
1308	1465
1309	1466
1310	1467
1311	1468
1312	1469
1313	1470
1315	1471
1316	1472
1317	1473
1318	1474
1320	1475
1321	1476
1322	1477
1323	1478
1324	1479
1326	1480
1327	1481
1328	1482
1329	1483
1331	1484
1334	1485
1333	1486
1336	1487
1335	1488
1337	1489
1339	1490
1340	1491
1341	1492
1344	1493
1343	1494
1342	1495
1345	1496
1346	1497
1347	1498
1350	1499
1351	1500
1353	1501
1354	1502
1355	1503
1357	1504
1358	1505
1360	1506
1359	1507
1361	1508
1362	1509
1363	1510
1365	1511
1367	1512
1368	1513
1369	1514
1371	1515
1373	1516
1376	1517
1378	1518
1379	1519
1380	1520
1381	1521
1383	1522
1384	1523
1387	1524
1388	1525
1389	1526
1391	1527
1392	1528
1393	1529
1394	1530
1396	1531
1397	1532
1398	1533
1400	1534
1401	1535
1402	1536
1403	1537
1404	1538
1406	1539
1409	1540
1411	1541
1412	1542
1414	1543
1415	1544
1417	1545
1416	1546
1418	1547
1419	1548
1420	1549
1422	1550
1423	1551
1424	1552
1425	1553
1426	1554
1427	1555
1428	1556
1429	1557
1430	1558
1431	1559
1432	1560
1433	1561
1434	1562
1435	1563
1437	1564
1438	1565
1439	1566
1441	1567
1443	1568
1442	1569
1444	1570
1445	1571
1446	1572
1447	1573
1448	1574
1450	1575
1451	1576
1452	1577
1453	1578
1454	1579
1455	1580
1456	1581
1457	1582
1459	1583
1461	1584
1462	1585
1463	1586
1464	1587
1465	1588
1466	1589
1469	1590
1470	1591
1471	1592
1472	1593
1473	1594
1474	1595
1475	1596
1476	1597
1477	1598
1479	1599
1481	1600
1482	1601
1483	1602
1484	1603
1485	1604
1486	1605
1487	1606
1489	1607
1488	1608
1491	1609
1492	1610
1494	1611
1498	1612
1497	1613
1499	1614
1500	1615
1501	1616
1503	1617
1505	1618
1506	1619
1507	1620
1508	1621
1509	1622
1510	1623
1513	1624
1514	1625
1515	1626
1516	1627
1519	1628
1520	1629
1521	1630
1522	1631
1524	1632
1526	1633
1525	1634
1527	1635
1528	1636
1529	1637
1531	1638
1530	1639
1533	1640
1535	1641
1537	1642
1538	1643
1539	1644
1540	1645
1542	1646
1541	1647
1544	1648
1546	1649
1547	1650
1549	1651
1550	1652
1551	1653
1552	1654
1553	1655
1555	1656
1556	1657
1559	1658
1560	1659
1561	1660
1562	1661
1566	1662
1567	1663
1568	1664
1570	1665
1571	1666
1572	1667
1574	1668
1575	1669
1576	1670
1578	1671
1580	1672
1581	1673
1582	1674
1584	1675
1585	1676
1586	1677
1587	1678
1588	1679
1589	1680
1590	1681
1591	1682
1592	1683
1594	1684
1593	1685
1595	1686
1597	1687
1596	1688
1598	1689
1600	1690
1599	1691
1601	1692
1602	1693
1603	1694
1604	1695
1605	1696
1607	1697
1606	1698
1608	1699
1611	1700
1610	1701
1609	1702
1612	1703
1613	1704
1614	1705
1615	1706
1616	1707
1618	1708
1617	1709
1619	1710
1620	1711
1622	1712
1623	1713
1624	1714
1625	1715
1626	1716
1627	1717
1628	1718
1629	1719
1630	1720
1631	1721
1633	1722
1634	1723
1636	1724
1635	1725
1637	1726
1638	1727
1639	1728
1640	1729
1641	1730
1642	1731
1645	1732
1647	1733
1646	1734
1648	1735
1650	1736
1651	1737
1652	1738
1654	1739
1655	1740
1656	1741
1657	1742
1659	1743
1660	1744
1661	1745
1663	1746
1664	1747
1665	1748
1666	1749
1667	1750
1668	1751
1669	1752
1670	1753
1671	1754
1672	1755
1673	1756
1674	1757
1675	1758
1676	1759
1678	1760
1679	1761
1681	1762
1682	1763
1683	1764
1684	1765
1685	1766
1686	1767
1687	1768
1688	1769
1689	1770
1690	1771
1693	1772
1692	1773
1691	1774
1694	1775
1696	1776
1695	1777
1698	1778
1699	1779
1700	1780
1701	1781
1702	1782
1703	1783
1704	1784
1705	1785
1707	1786
1708	1787
1710	1788
1709	1789
1711	1790
1714	1791
1715	1792
1716	1793
1717	1794
1718	1795
1719	1796
1720	1797
1721	1798
1723	1799
1724	1800
1725	1801
1726	1802
1727	1803
1728	1804
1729	1805
1730	1806
1732	1807
1733	1808
1734	1809
1735	1810
1737	1811
1738	1812
1739	1813
1740	1814
1741	1815
1742	1816
1743	1817
1745	1818
1744	1819
1746	1820
1747	1821
1748	1822
1749	1823
1750	1824
1751	1825
1752	1826
1753	1827
1755	1828
1754	1829
1759	1830
1760	1831
1756	1832
1758	1833
1757	1834
1761	1835
1763	1836
1764	1837
1765	1838
1766	1839
1767	1840
1768	1841
1769	1842
1770	1843
1771	1844
1774	1845
1775	1846
1776	1847
1777	1848
1778	1849
1780	1850
1782	1851
1785	1852
1784	1853
1783	1854
1781	1855
1786	1856
1787	1857
1788	1858
1789	1859
1791	1860
1792	1861
1794	1862
1793	1863
1795	1864
1796	1865
1797	1866
1798	1867
1799	1868
1800	1869
1801	1870
1802	1871
1803	1872
1804	1873
1805	1874
1806	1875
1807	1876
1810	1877
1814	1878
1816	1879
1819	1880
1818	1881
1821	1882
1822	1883
1823	1884
1824	1885
1826	1886
1827	1887
1825	1888
1829	1889
1828	1890
1830	1891
1833	1892
1834	1893
1835	1894
1836	1895
1837	1896
1838	1897
1839	1898
1840	1899
1841	1900
1842	1901
1843	1902
1844	1903
1845	1904
1846	1905
1847	1906
1848	1907
1849	1908
1850	1909
1851	1910
1853	1911
1852	1912
1854	1913
1855	1914
1856	1915
1858	1916
1857	1917
1859	1918
1860	1919
1861	1920
1862	1921
1864	1922
1865	1923
1866	1924
1869	1925
1873	1926
1871	1927
1872	1928
1870	1929
1876	1930
1875	1931
1874	1932
1877	1933
1878	1934
1879	1935
1880	1936
1881	1937
1882	1938
1883	1939
1884	1940
1885	1941
1886	1942
1887	1943
1888	1944
1891	1945
1890	1946
1892	1947
1893	1948
1894	1949
1895	1950
1897	1951
1896	1952
1898	1953
1900	1954
1902	1955
1901	1956
1904	1957
1903	1958
1905	1959
1909	1960
1910	1961
1911	1962
1912	1963
1914	1964
1915	1965
1916	1966
1917	1967
1919	1968
1921	1969
1920	1970
1922	1971
1924	1972
1923	1973
1925	1974
1926	1975
1928	1976
1927	1977
1929	1978
1930	1979
1931	1980
1932	1981
1933	1982
1934	1983
1935	1984
1936	1985
1937	1986
1938	1987
1939	1988
1940	1989
1942	1990
1944	1991
1945	1992
1943	1993
1946	1994
1947	1995
1948	1996
1949	1997
1950	1998
1951	1999
1954	2000
1955	2001
1956	2002
1957	2003
1958	2004
1959	2005
1960	2006
1961	2007
1963	2008
1964	2009
1965	2010
1967	2011
1966	2012
1968	2013
1969	2014
1970	2015
1971	2016
1972	2017
1973	2018
1975	2019
1976	2020
1977	2021
1978	2022
1979	2023
1980	2024
1981	2025
1982	2026
1983	2027
1984	2028
1985	2029
1986	2030
1987	2031
1988	2032
1989	2033
1991	2034
1992	2035
1993	2036
1994	2037
1995	2038
1996	2039
1997	2040
1998	2041
1999	2042
2000	2043
2001	2044
2002	2045
2003	2046
2004	2047
2006	2048
2005	2049
2007	2050
2008	2051
2009	2052
2010	2053
2011	2054
2012	2055
2013	2056
2014	2057
2015	2058
2016	2059
2017	2060
2018	2061
2019	2062
2020	2063
2021	2064
2022	2065
2023	2066
2024	2067
2026	2068
2025	2069
2027	2070
2028	2071
2029	2072
2030	2073
2032	2074
2033	2075
2034	2076
2035	2077
2036	2078
2037	2079
2039	2080
2040	2081
2041	2082
2044	2083
2042	2084
2043	2085
2045	2086
2046	2087
2047	2088
2048	2089
2049	2090
2050	2091
2051	2092
2052	2093
2053	2094
2054	2095
2055	2096
2056	2097
2057	2098
2060	2099
2058	2100
2059	2101
2061	2102
2063	2103
2062	2104
2064	2105
2065	2106
2066	2107
2067	2108
2069	2109
2068	2110
2071	2111
2070	2112
2073	2113
2074	2114
2075	2115
2076	2116
2078	2117
2079	2118
2082	2119
2081	2120
2080	2121
2083	2122
2084	2123
2085	2124
2086	2125
2087	2126
2088	2127
2089	2128
2092	2129
2093	2130
2094	2131
2095	2132
2096	2133
2097	2134
2098	2135
2099	2136
2100	2137
2101	2138
2102	2139
2103	2140
2104	2141
2105	2142
2109	2143
2112	2144
2111	2145
2113	2146
2114	2147
2115	2148
2116	2149
2117	2150
2118	2151
2119	2152
2121	2153
2122	2154
2123	2155
2124	2156
2125	2157
2126	2158
2127	2159
2128	2160
2130	2161
2129	2162
2131	2163
2132	2164
2133	2165
2134	2166
2135	2167
2136	2168
2137	2169
2138	2170
2141	2171
2142	2172
2144	2173
2145	2174
2147	2175
2146	2176
2148	2177
2149	2178
2150	2179
2151	2180
2152	2181
2155	2182
2156	2183
2157	2184
2158	2185
2159	2186
2160	2187
2161	2188
2162	2189
2163	2190
2164	2191
2165	2192
2166	2193
2167	2194
2168	2195
2169	2196
2170	2197
2171	2198
2172	2199
2173	2200
2174	2201
2175	2202
2176	2203
2177	2204
2178	2205
2179	2206
2180	2207
2181	2208
2183	2209
2184	2210
2185	2211
2186	2212
2188	2213
2187	2214
2189	2215
2190	2216
2192	2217
2193	2218
2194	2219
2195	2220
2196	2221
2197	2222
2198	2223
2199	2224
2200	2225
2201	2226
2202	2227
2203	2228
2204	2229
2205	2230
2206	2231
2207	2232
2209	2233
2208	2234
2210	2235
2211	2236
2213	2237
2212	2238
2214	2239
2215	2240
2216	2241
2218	2242
2217	2243
2219	2244
2221	2245
2220	2246
2222	2247
2223	2248
2224	2249
2225	2250
2226	2251
2227	2252
2228	2253
2229	2254
2230	2255
2231	2256
2232	2257
2233	2258
2234	2259
2235	2260
2236	2261
2237	2262
2238	2263
2239	2264
2240	2265
2241	2266
2242	2267
2243	2268
2244	2269
2245	2270
2247	2271
2246	2272
2248	2273
2249	2274
2250	2275
2251	2276
2252	2277
2253	2278
2254	2279
2255	2280
2256	2281
2257	2282
2258	2283
2259	2284
2260	2285
2261	2286
2262	2287
2263	2288
2264	2289
2265	2290
2266	2291
2267	2292
2268	2293
2269	2294
2270	2295
2271	2296
2272	2297
2273	2298
2274	2299
2275	2300
2276	2301
2277	2302
2278	2303
2279	2304
2280	2305
2281	2306
2282	2307
2285	2308
2284	2309
2286	2310
2287	2311
2288	2312
2289	2313
2290	2314
2291	2315
2292	2316
2293	2317
2294	2318
2295	2319
2296	2320
2297	2321
2298	2322
2299	2323
2300	2324
2301	2325
2302	2326
2303	2327
2304	2328
2305	2329
2306	2330
2330	2331
2331	2332
2349	2333
2355	2334
2356	2335
2358	2336
2359	2337
2367	2338
2375	2339
2377	2340
2380	2341
2381	2342
2385	2343
2390	2344
2398	2345
2396	2346
2409	2347
2414	2348
2416	2349
2415	2350
2335	2351
2417	2352
